     3493-pulse     1664-space      491-pulse     1235-space      441-pulse     1282-space
      436      431      442      421      493      381
      441     1282      435      433      441      426
      437     1312      420     1283      483      377
      495     1232      484      385      438      429
      435     1286      493     1236      440      426
      437     1302      430     1282      498      368
      436      427      461     1267      434      426
      438      428      466     1274      486      399
      424      431      494      376      437      428
      435      431      494      377      487      385
      438      429      486      385      438      428
      435      431      442      424      446      423
      433      427      496      375      437      425
      490      382      441      426      469      407
      488      379      496     1230      436      430
      444      432      437      426      444      425
      438      424      489     1243      478     1238
      442      422      435      430      494      375
      437      431      506     1225      438     1284
      495      375      436      428      435      433
      442      427      487      380      494      377
      436     1294      434     1289      437      429
      434     1283      442     1277      440      426
      488      380      442     1283      502      375
      433      427      486     1239      437      427
      491      377      488     1238      490      379
      445      418      449     1284      438     1278
      438      430      443      426      438     1287
      441     1283      487      383      438      424
      490      381      449      416      491      376
      435      440      495      376      436      430
      486      383      439      422      471      409
      465      408      445      422      442      424
      491      388      442      423      435      429
      444      421      439      426      440      417
      439      427      488      381      442      428
      436      429      486      385      436      429
      487      378      437      427      493      375
      487      383      439      425      439      427
      435      428      486      388      434      429
      496      379      443      431      494      386
      427      429      434      428      435      431
      443      426      438      426      437      432
      444      423      493      381      439      420
      494      376      436      430      502      377
      482      379      493      375      435     1288
      438     1288      466     1260      487      383
      440      427      437    17191

     3599     1670      435     1279      437     1283
      485      384      491      378      495      373
      490     1237      483      392      438      429
      443     1279      491     1243      464      403
      491     1250      437      427      436      431
      495     1246      485     1240      430      422
      439     1287      440     1282      435      434
      440      428      445     1286      434      425
      435      431      442     1283      486      382
      440      425      489      380      442      422
      442      425      489      381      493      385
      437      423      490      379      442      425
      439      427      436      428      436      432
      442      422      496      376      441      419
      495      376      436      431      472      408
      491      372      488     1235      439      427
      432      428      445      423      440      425
      490      383      438     1284      494     1243
      475      383      438      430      434      428
      443      422      442     1281      487     1244
      442      427      437      428      444      422
      434      434      439      429      434      430
      495     1234      443     1284      445      419
      446     1281      486     1251      427      430
      441      423      439     1288      436      420
      493      376      436     1287      491      377
      434      432      454     1268      489      377
      436      430      443     1286      432     1290
      437      428      436      429      435     1298
      431     1285      443      421      494      377
      444      419      443      423      492      375
      488      390      494      377      435      430
      444      422      449      428      433      424
      486      379      463      409      442      439
      423      421      438      427      436      426
      490      380      441      426      438      425
      490      396      427      424      438      425
      490      384      439      432      442      420
      495      376      438      429      443      428
      436      425      437      428      434      431
      449      416      441      424      491      377
      436      427      489      380      443      422
      441      425      489      382      492      380
      442      424      491      381      442      432
      442      422      435      428      435      433
      441      422      490      379      441      421
      489      375      436      432      463     1273
      495     1238      437     1280      436      425
      437      426      437    15684

