     3457-pulse     1702-space      457-pulse     1302-space      437-pulse     1257-space
      437      420      442      422      487      386
      462     1265      461      407      456      412
      467     1259      464     1266      463      404
      439     1289      438      440      466      405
      437     1298      441     1284      457      422
      414     1282      465     1267      441      431
      433      429      465     1263      445      434
      451      401      461     1268      460      408
      465      405      438      429      466      403
      439      425      438      430      444      423
      471      409      470      398      462      409
      443      419      448      416      463      403
      440      427      436      432      440      426
      438      427      437      428      436      431
      465      412      456     1266      439      423
      460      421      419      430      461      407
      435      433      461     1271      436     1289
      453      407      462      405      438      427
      437     1289      458     1266      461     1268
      439      426      439      428      466      416
      438      425      459      418      466      403
      460     1270      461     1262      462      406
      435     1289      439     1299      453      422
      461      403      437     1287      435      424
      458      410      464     1262      467      404
      439      430      467     1266      430      427
      434      432      461     1264      464     1265
      442      427      437      429      465     1263
      453     1275      435      430      463      404
      459      410      464      404      439      430
      464      407      437      423      439      429
      444      422      472      415      465      397
      462      407      444      420      442      423
      456      402      439      427      436      433
      441      426      439      426      438      426
      436      429      470      397      460      408
      468      399      468      401      436      428
      435      429      434      434      459      409
      466      403      439      426      436      430
      444      433      453      406      445      423
      462      411      462      413      460      409
      433      430      444      421      443      424
      441      428      435      433      441      421
      468      408      462      401      440      424
      458      407      434      430      466     1259
      459      408      467      405      459     1266
      461     1276      452     1265      462      407
      437      428      439    15064

     3564     1686      438     1294      444     1295
      455      399      463      402      460      407
      456     1268      438      428      456      412
      430     1290      437     1294      456      405
      457     1269      438      426      458      420
      464     1261      466     1263      445      419
      465     1277      455     1270      437      421
      456      413      438     1284      444      421
      464      404      438     1286      443      429
      455      405      436      428      465      400
      441      425      459      408      466      404
      438      429      436      429      435      430
      443      426      437      424      462      404
      444      420      464      405      459      408
      466      400      442      425      438      426
      439      428      467     1279      459      410
      444      431      461      402      437      429
      442      425      458     1273      431     1283
      462      410      442      423      460      418
      467     1279      428     1284      443     1280
      457      409      444      423      462      408
      445      422      441      424      438      429
      447     1283      453     1267      438      425
      437     1284      444     1280      439      437
      458      409      443     1289      432      428
      465      402      459     1268      455      408
      445      426      458     1271      457      405
      436      428      467     1277      452     1267
      439      425      458      412      442     1282
      436     1292      457      409      443      424
      475      406      464      407      459      408
      465      404      458      409      444      423
      440      428      435      432      442      422
      441      423      440      427      457      414
      469      400      455      407      464      404
      437      423      441      418      438      429
      464      404      459      410      443      425
      439      430      436      426      478      392
      437      429      465      408      466      410
      465      404      439      424      438      425
      438      429      445      422      442      425
      438      429      465      407      456      408
      444      420      464      403      440      426
      470      404      464      405      463      405
      438      427      458      409      445      421
      443      424      470      406      432     1287
      438      424      457      410      443     1283
      429     1288      440     1285      442      504
      386      409      460    18690

