     3459-pulse     1692-space      434-pulse     1291-space      457-pulse     1271-space
      436      431      449      418      439      423
      461     1264      464      403      438      437
      458     1269      458     1269      437      426
      467     1267      452      411      462      407
      436     1285      462     1266      460      406
      437     1288      440     1298      438      416
      461      411      460     1268      454      406
      456      410      443     1280      458      414
      438      424      461      415      462      402
      456      407      465      400      442      429
      464      406      437      428      438      429
      447      422      458      405      457      409
      465      402      471      394      460      412
      441      423      460      406      458      409
      464      413      460     1267      461      412
      441      427      435      433      461      439
      421      418      461     1266      461     1270
      452      409      464      402      462      404
      438      424      459      409      464      404
      481     1253      462      403      461      410
      442      421      462      405      459      408
      467     1270      460     1274      435      432
      459     1260      456     1267      461      406
      437      430      466     1258      439      428
      436      431      443      425      461      415
      430     1288      437     1285      458      415
      440      422      440     1285      442     1280
      468      404      454      412      457     1267
      460     1267      440      423      460      407
      467      400      443      419      465      407
      436      429      467      408      437      419
      439      426      458      409      464      407
      437      429      444      422      440      426
      458      412      440      424      459      408
      465      401      473      399      458      409
      463      404      458      407      468      396
      439      423      439      431      462      411
      452      406      465      400      441      423
      461      419      445      409      444      423
      461      403      460      407      437      427
      467      399      463      403      439      427
      467      401      461      405      457      411
      466      404      436      447      417      433
      465      402      467      402      440      425
      439      424      440      427      457      411
      441     1284      442      430      441      422
      457     1265      461      409      463     1262
      460      403      438    17237

     3603     1688      457     1284      461     1257
      441      419      444      425      438      428
      435     1292      435      430      443      421
      462     1284      449     1263      437      428
      435     1288      459      408      464      402
      462     1266      442     1289      461      407
      456     1269      457     1265      462      408
      437      430      477     1265      439      425
      438      429      478     1265      432      425
      457      411      443      426      461      409
      444      420      444      418      445      421
      462      406      436      428      466      415
      428      426      456      416      437      427
      459      406      433      432      462      409
      465      404      460      409      444      420
      464      405      437     1293      455      407
      466      404      437      424      439      427
      435      430      443     1284      464     1266
      446      415      446      425      466      397
      440      427      455      410      442      423
      439     1289      434      433      458      411
      441      423      460      406      457      410
      476     1263      442     1283      444      421
      462     1268      461     1258      459      408
      444      422      440     1293      434      425
      458      411      463      406      467      401
      463     1265      463     1272      436      434
      439      425      439     1297      464     1266
      439      424      434      420      463     1266
      461     1266      461      406      436      425
      465      405      461      405      467      405
      437      431      443      419      444      423
      441      423      461      411      432      429
      443      419      465      406      436      440
      434      427      467      407      443      427
      436      425      467      400      440      429
      462      403      440      423      436      425
      460      411      460      404      437      423
      458      438      434      415      424      428
      434      436      454      410      440      423
      460      406      456      409      474      394
      461      408      468      400      459      398
      465      401      440      424      440      429
      465      405      457      406      457      409
      443      421      465      403      458      412
      431      439      468      387      460      405
      437     1287      440      421      442      422
      461     1265      464      408      465     1261
      465      413      457    29299

