     3460-pulse     1710-space      427-pulse     1285-space      462-pulse     1263-space
      465      412      441      435      461      405
      436     1287      441      428      436      424
      439     1284      442     1283      465      407
      435     1286      442      424      439      427
      435     1303      430     1285      443      419
      435     1286      440     1281      467      402
      462      405      458     1282      427      427
      435      430      442     1284      442      424
      439      434      440      426      437      428
      436      430      433      435      438      423
      447      419      457      413      440      425
      459      414      439      437      458      413
      440      423      460      416      430      427
      464      414      469      405      437      442
      440      416      462     1266      460      411
      444      415      443      425      435      428
      445      423      440     1289      439     1295
      453      402      440      425      439      426
      438      424      440      427      437      426
      438     1286      442      427      437      429
      467      409      466      399      453      411
      461     1268      439     1284      464      401
      461     1273      445     1279      473      409
      433      430      442      425      457      415
      446     1271      462     1266      436      432
      458      412      440     1298      431      424
      438      426      437     1286      463     1268
      440      427      458      413      439     1285
      443     1288      439      423      461      405
      438      431      441      424      438      430
      463      405      438      431      442      422
      461      410      443      422      442      421
      454      419      456      410      462      407
      435      428      448      415      440      423
      461      413      441      423      460      417
      435      440      454      412      452      413
      439      423      440      426      437      431
      443      422      442      427      435      430
      463      407      436      427      468      402
      440      426      458      413      465      404
      465      402      440      425      461      409
      446      415      440      428      462      405
      436      425      437      429      444      422
      441      426      488      388      429      429
      464      406      457      410      441     1285
      458      405      435     1291      456     1271
      436     1290      437     1280      437      429
      444      422      461    15304

     3587     1696      442     1281      437     1294
      464      400      463      403      471      400
      460     1266      461      407      467      404
      438     1285      443     1290      448      413
      460     1270      437      428      458      411
      441     1282      436     1294      434      436
      439     1296      434     1277      461      405
      440      424      460     1269      439      426
      458      410      464     1265      463      421
      423      432      442      425      459      409
      444      421      445      424      442      424
      464      416      436      428      467      407
      436      430      434      427      473      397
      439      426      436      429      444      423
      442      425      439      424      440      427
      468      401      441     1286      440      422
      464      421      439      415      461      405
      436      430      463     1271      453     1266
      440      424      458      408      434      432
      441      428      451      417      442      423
      439     1285      443      424      439      425
      458      416      437      432      447      417
      462     1267      439     1291      457      402
      462     1266      461     1266      442      427
      436      432      462      410      442      421
      462     1280      430     1286      482      383
      469      412      426     1290      438      432
      462      411      442     1283      444     1292
      446      411      441      425      469     1276
      442     1285      463      405      438      431
      432      432      444      418      463      416
      459      403      440      424      439      430
      444      420      443      421      463      406
      467      403      461      408      465      403
      460      412      460      408      445      430
      439      425      437      426      435      432
      467      398      447      417      442      421
      443      435      439      426      438      434
      440      424      439      435      430      431
      461      405      458      410      463      410
      442      426      437      431      463      411
      442      421      464      405      437      429
      434      433      451      418      436      424
      437      424      439      428      436      430
      443      424      439      433      462      410
      443      421      463      404      439     1297
      437      422      459     1270      457     1273
      429     1287      444     1283      439      426
      437      427      449    19722

