     3467-pulse     1691-space      477-pulse     1272-space      402-pulse     1300-space
      433      454      403      428      435      430
      463     1261      447      448      415      439
      424     1285      442     1279      468      433
      409     1287      441      456      419      445
      447     1255      451     1279      462      470
      368     1276      437     1287      441      454
      409      433      461     1267      440      457
      406      429      464     1262      466      434
      409      435      460      404      458      409
      443      430      443      425      438      457
      416      425      445      419      436      431
      448      423      444      447      417      419
      435      442      442      450      414      431
      443      422      442      452      412      430
      445      432      436     1283      440      451
      432      414      440      428      429      453
      418      417      436     1286      444     1280
      448      444      416      426      436      456
      417      418      466      406      438      454
      418     1283      466      438      415      430
      444      422      442      436      439      422
      441     1282      434     1292      446      451
      413     1285      442     1281      467      428
      443      404      435      430      442     1287
      437      449      412     1288      440      454
      440      405      438     1286      461      446
      397      459      414     1285      444     1280
      437      459      415      454      409     1291
      437     1289      466      429      417      418
      465      405      438      453      441      427
      416      433      461      410      443      421
      441      426      438      455      438      414
      469      409      441      451      408      428
      434      464      447      420      416      454
      408      449      408      457      423      414
      446      456      435      426      412      456
      428      435      432      424      432      445
      415      421      443      426      468      401
      462      408      444      447      417      450
      413      451      412      462      414      460
      427      443      407      463      440      431
      413      450      412      449      413      453
      410      458      415      449      414      456
      418      449      415      456      423      447
      434      429      412      453      441     1265
      459     1261      435      462      413     1280
      437     1289      442     1282      442      450
      413      457      416    16029

     3582     1700      443     1286      452     1278
      471      421      409      459      415      454
      439     1275      464      433      410      460
      414     1281      467     1261      436      465
      409     1282      465      433      410      456
      408     1297      442     1282      447      446
      415     1282      453     1278      455      440
      409      447      414     1285      443      452
      412      457      416     1282      445      449
      436      447      408      447      435      432
      411      459      434      434      419      446
      418      451      412      455      419      448
      416      452      411      453      411      452
      417      461      418      446      416      454
      410      455      409      458      415      453
      410      457      416     1287      440      447
      436      434      418      465      405      448
      411      450      413     1284      439     1277
      440      451      411      459      415      451
      412      450      434      438      426      442
      411     1287      466      427      432      437
      415      449      414      453      411      457
      417     1281      468     1264      454      437
      417     1276      461     1268      459      440
      412      454      441      426      417     1285
      434      433      462     1273      457      429
      411      501      369     1281      467      430
      412      457      438     1265      442     1281
      476      423      417      453      405     1287
      463     1269      436      450      412      454
      408      458      416      447      417      454
      411      467      397      459      414      449
      415      451      412      455      409      463
      410      457      417      449      414      452
      431      440      413      451      414      455
      450      420      415      449      413      454
      439      428      433      435      434      428
      413      451      412      457      417      453
      409      455      409      458      415      451
      433      430      412      454      419      447
      416      448      415      453      411      456
      408      457      421      446      412      453
      431      438      437      430      415      453
      418      451      412      452      411      457
      416      452      433      438      414      450
      413      448      414      451      411     1284
      444     1290      453      434      438     1261
      434     1291      430     1286      440      426
      437      453      409    20620

