     3488-pulse     1665-space      442-pulse     1289-space      438-pulse     1279-space
      437      429      435      431      443      424
      442     1315      432      406      445      422
      441     1317      425     1286      457      407
      465     1287      425      414      432      433
      465     1290      405     1294      430      429
      470     1291      428     1263      436      432
      466      408      442     1317      405      427
      431      425      436     1330      397      428
      465      404      438      430      443      423
      440      426      437      430      444      458
      407      426      442      426      463      408
      442      424      440      423      461      410
      432      430      465      407      437      432
      462      407      436      433      461      412
      440      426      437     1323      431      407
      443      421      461      406      435      432
      443      424      431     1314      412     1284
      444      423      439      438      449      420
      441      427      435      431      442      422
      441     1309      419      419      464      410
      443      424      460      411      442      428
      435     1287      439     1279      457      413
      448     1311      430     1264      461      406
      437      431      442     1318      433      400
      441      427      439     1310      410      425
      453      403      473     1281      430      412
      440      426      436     1327      400     1279
      437      429      465      404      439     1316
      411     1285      441      429      434      435
      442      425      435      434      441      428
      438      427      443      422      440      424
      459      418      434      432      441      424
      439      432      441      423      440      434
      438      423      435      428      434      431
      441      425      440      423      442      423
      439      431      442      437      439      433
      444      421      437      429      440      433
      466      407      472      399      437      428
      434      431      441      429      444      422
      440      429      435      433      441      424
      439      425      437      439      424      432
      441      427      437      430      443      428
      435      431      433      427      435      434
      439      430      444      426      437      429
      435      432      446      425      435      431
      442     1305      412      428      429     1314
      412     1284      462     1266      441      437
      459      402      437    17080

     3639     1657      461     1267      460     1266
      462      410      444      421      441      425
      482     1263      462      412      431      431
      442     1282      436     1289      439      430
      464     1289      417      430      453      411
      440     1285      443     1283      445      422
      440     1309      441     1264      460      402
      446      425      435     1312      416      420
      438      429      465     1266      441      426
      438      429      433      433      441      426
      436      440      434      422      440      424
      440      426      436      436      437      434
      440      424      438      431      474      406
      437      426      467      411      442      424
      445      421      437      433      441      424
      440      427      437     1285      442      424
      440      431      443      424      439      427
      435      433      440     1290      452     1263
      440      424      436      431      441      414
      442      424      438      433      441      423
      440     1286      477      397      443      425
      437      429      443      424      438      428
      435     1292      456     1275      431      431
      461     1269      438     1280      467      400
      463      403      438     1285      461      408
      435      437      436     1287      439      425
      494      394      437     1280      437      426
      466      405      430     1284      462     1263
      444      427      436      473      461     1234
      452     1258      467      407      435      432
      471      408      464      406      488      379
      445      422      478      397      438      424
      448      421      443      422      440      424
      439      425      438      429      486      381
      440      429      435      432      492      376
      435      429      435      430      445      428
      498      371      483      384      437      429
      443      422      440      424      436      429
      440      426      489      385      437      438
      487      381      441      451      426      412
      438      428      435      458      415      424
      439      428      435      435      439      430
      443      421      442      424      438      428
      486      387      438      437      440      423
      434      429      444      423      441      424
      438      428      434      431      441      422
      440     1283      496      375      438     1297
      435     1282      444     1280      437      423
      483      387      466    23942

