     3453-pulse     1695-space      462-pulse     1265-space      440-pulse     1279-space
      438      432      442      420      463      409
      444     1276      441      428      436      430
      443     1288      430     1284      467      400
      458     1268      460      409      445      421
      442     1280      459     1284      430      426
      442     1284      426     1288      459      405
      459      409      464     1266      442      427
      457      461      386     1285      438      426
      457      409      464      402      462      407
      457      407      435      433      440      426
      469      414      460      405      477      397
      438      425      437      424      460      410
      444      425      439      426      464      403
      466      400      443      420      464      402
      461      407      436     1303      430      426
      466      405      437      425      480      392
      466      402      461     1280      439     1283
      465      401      456      408      473      399
      441      420      442      420      444      425
      459     1268      461      408      444      417
      435      427      465      399      443      426
      465     1262      437     1283      466      400
      464     1264      464     1265      463      402
      459      406      458      419      460     1263
      441      422      461     1266      458     1262
      445     1283      434     1290      450      414
      459      409      445     1286      461     1257
      460      409      465      403      459     1264
      464     1269      460      408      464      401
      462      417      467      407      457      409
      444      421      464      410      444      423
      440      429      455      414      460      401
      447      420      458      404      458      409
      444      424      442      417      458      412
      441      423      440      423      441      428
      466      402      461      411      443      434
      431      424      439      425      460      413
      440      424      461      414      441      431
      468      401      440      425      439      424
      440      426      458      411      449      415
      461      407      437      429      464      406
      437      425      459      409      443      423
      461      411      463      406      457      411
      442      423      463      411      438      423
      436      428      466      402      440     1312
      411     1278      436      428      456     1268
      459      414      466     1262      460     1269
      460      405      469    15469

     3596     1690      462     1263      463     1278
      449      407      456      408      466      403
      461     1274      466      403      492      377
      445     1280      437     1290      439      422
      458     1267      460      409      466      403
      491     1237      461     1267      440      425
      439     1295      439     1282      512      353
      435      436      461     1270      457      404
      437      434      460     1271      486      379
      456      410      438      427      437      427
      436      426      489      388      444      420
      443      427      436      429      444      423
      441      428      456      410      465      409
      464      408      435      430      444      425
      460      413      439      422      462      406
      436      431      443     1282      486      383
      460      408      442      428      441      421
      442      419      463     1266      456     1262
      434      433      465      404      434      432
      442      423      461      422      473      379
      464     1263      444      420      464      413
      440      424      460      419      465      405
      437     1290      438     1291      459      406
      438     1290      457     1268      490      379
      483      380      443      422      462     1274
      443      441      451     1260      484     1244
      478     1234      461     1268      438      427
      487      379      488     1240      455     1267
      490      384      438      426      437     1290
      438     1286      492      373      458      412
      441      433      431      433      440      427
      494      370      493      369      459      411
      459      409      436      423      434      435
      439      423      440      430      443      418
      454      408      494      373      435      432
      493      368      461      411      435      420
      463      405      436      428      434      450
      425      424      444      423      432      429
      484      374      484      378      443      422
      441      431      464      408      435      429
      465      401      493      374      470      410
      463      410      484      393      444      409
      491      381      440      426      437      429
      486      382      492      374      438      425
      493      374      472      397      441      427
      436      427      466      412      441     1275
      466     1268      437      425      483     1235
      440      424      491     1234      494     1247
      432      419      503    18197

