     3466-pulse     1688-space      437-pulse     1285-space      459-pulse     1269-space
      436      430      442      425      437      429
      466     1257      466      400      440      424
      440     1291      432     1286      439      430
      442     1284      441      425      478      398
      436     1288      432     1280      465      404
      437     1286      438     1285      440      429
      433      431      443     1275      435      429
      442      424      437     1288      437      426
      434      429      442      428      434      432
      471      406      441      424      440      435
      436      427      435      431      441      427
      434      430      443      421      442      422
      437      428      433      432      440      424
      438      441      438      420      437      433
      437      436      465     1260      451      407
      442      427      465      405      436      427
      434      431      440     1293      424     1294
      462      401      439      427      434      430
      461      411      440      423      459      413
      437     1283      462      413      428      428
      433      434      437      426      435      429
      464     1264      441     1281      467      399
      463     1265      467     1265      432      432
      438      427      436     1280      438      425
      466      399      462      408      443      420
      441      427      435      438      434     1286
      459      410      442     1288      437      424
      437      438      434      430      441     1283
      441     1292      435      423      469      408
      433      435      436      431      440      423
      459      408      442      419      443      422
      460      407      443      420      432      450
      429      421      434      429      441      423
      437      425      438      426      436      430
      441      421      439      425      436      430
      442      425      436      427      447      417
      432      435      436      430      441      422
      459      412      438      422      461      406
      442      426      435      423      437      428
      434      432      439      428      433      425
      435      430      442      424      438      432
      461      410      442      422      440      426
      435      429      441      423      437      430
      463      405      462      410      459      404
      435      444      417      432      436      431
      439     1284      427     1293      441     1283
      442      436      426     1285      440     1285
      440      427      435    15155

     3597     1691      441     1282      433     1306
      431      421      460      406      435      430
      461     1266      439      427      434      431
      439     1284      462     1274      436      420
      457     1268      467      404      438      433
      439     1284      462     1268      437      424
      457     1282      437     1278      439      422
      442      421      440     1287      459      411
      460      405      434     1287      438      428
      433      429      461      405      455      414
      437      426      436      430      441      421
      439      432      440      424      458      416
      435      437      466      404      444      419
      435      428      434      431      443      424
      435      427      434      433      437      427
      434      436      436     1285      440      429
      442      431      438      425      440      428
      432      434      457     1271      450     1270
      464      408      465      403      440      428
      441      424      449      415      434      433
      438     1292      443      432      461      410
      442      422      440      425      437      429
      464     1272      464     1266      439      421
      471     1263      462     1264      462      401
      438      431      461     1269      436      430
      456      414      458      407      442      424
      436      424      437      436      430     1286
      438      429      441     1278      458      413
      460      418      456      402      435     1284
      463     1264      441      425      467      409
      441      421      460      412      439      424
      437      424      465      403      441      424
      438      428      433      432      439      425
      436      425      436      432      461      409
      432      430      440      423      459      411
      439      453      417      417      437      428
      463      404      456      412      438      427
      430      428      443      420      492      379
      440      422      459      414      436      435
      470      401      437      427      434      424
      441      425      482      383      436      426
      487      381      439      426      486      383
      437      424      489      380      441      432
      481      380      490      377      484      383
      438      426      487      380      439      421
      439      426      487      381      442      420
      440     1290      490     1236      479     1239
      463      403      437     1284      436     1285
      491      375      486    21302

