     3479-pulse     1686-space      434-pulse     1290-space      453-pulse     1275-space
      429      430      442      422      433      425
      438     1286      441      426      437      430
      452     1277      435     1281      466      409
      445     1280      438      433      441      424
      440     1296      432     1297      454      402
      439     1286      438     1278      439      429
      443      430      454     1269      437      425
      438      445      429     1283      464      405
      438      432      441      427      467      402
      440      432      442      427      436      433
      442      424      439      425      442      427
      442      430      444      422      444      416
      444      432      441      424      440      431
      443      422      441      425      438      431
      444      422      441     1297      435      422
      460      410      442      447      412      426
      445      417      436     1285      444     1284
      433      428      448      421      439      427
      436      426      436      434      439      427
      435     1287      471      410      442      428
      446      418      445      426      437      436
      439     1279      468     1261      436      438
      437     1281      444     1278      460      408
      445      421      450     1280      463     1259
      468      396      439     1283      443      426
      438      426      437     1289      440      435
      442      416      441     1278      468     1261
      435      433      441      430      444     1277
      440     1288      449      420      435      431
      441      426      438      431      442      426
      438      431      443      427      437      430
      433      433      440      424      438      423
      440      435      447      420      438      432
      440      423      439      428      429      426
      435      438      437      428      467      409
      445      428      466      405      437      427
      457      412      431      447      432      418
      442      421      437      431      441      424
      439      432      443      420      444      425
      438      428      466      405      438      443
      431      426      437      428      436      433
      440      422      441      426      438      431
      444      418      445      421      443      424
      439      431      433      430      449      423
      437      429      443      424      438      425
      437      431      440     1274      441     1283
      465     1259      437     1301      427      431
      443      426      437    16835

     3577     1707      441     1280      438     1287
      463      405      450      419      443      423
      440     1284      444      423      439      427
      436     1292      457     1267      459      408
      445     1284      433      429      443      421
      442     1283      444     1281      437      435
      439     1284      445     1289      452      408
      444      424      458     1263      439      428
      437      431      443     1282      437      429
      445      424      439      434      430      430
      442      422      441      425      438      427
      437      428      468      401      442      427
      436      432      464      406      436      441
      433      433      454      419      431      438
      436      420      442      427      435      435
      439      426      438     1284      445      423
      440      429      445      421      443      432
      441      423      465     1260      434     1292
      434      420      438      427      446      416
      437      432      442      426      437      424
      473     1258      436      427      437      432
      441      421      444      423      460      412
      440     1284      444     1280      460      418
      434     1286      462     1264      463      404
      439      427      446     1280      437     1290
      468      400      452     1283      459      407
      434      429      450     1263      442      426
      437      434      444     1279      443     1294
      424      427      436      438      437     1283
      465     1264      443      422      441      427
      437      430      443      419      444      422
      441      430      434      430      444      417
      461      411      435      426      437      433
      441      425      438      425      437      431
      463      415      438      426      438      440
      476      399      435      427      436      429
      443      420      444      419      435      429
      444      422      440      425      438      435
      439      427      436      425      436      442
      453      413      441      429      443      420
      442      425      439      428      446      418
      445      424      469      404      440      430
      444      418      435      432      445      417
      442      425      439      428      445      416
      469      402      443      424      435      428
      445      429      445      426      437      425
      438      433      440     1294      461     1267
      438     1289      433     1290      435      430
      464      409      444    21393

