     3497-pulse     1656-space      438-pulse     1285-space      493-pulse     1237-space
      439      427      436      431      442      420
      485     1249      438      424      439      426
      489     1239      438     1287      493      375
      435     1289      438      430      443      429
      496     1226      472     1250      432      434
      439     1284      444     1280      488      378
      444      422      508     1226      436      424
      437      439      444     1280      438      426
      489      381      442      423      441      433
      493      378      444      427      437      423
      441      426      438      427      437      431
      442      422      492      380      495      373
      437      431      433      427      435      433
      441      426      444      431      430      430
      442      420      443     1283      428      429
      495      375      437      427      436      431
      443      423      491     1251      426     1288
      439      420      448      419      438      422
      491      377      434      432      441      421
      495     1237      439      423      499      370
      435      425      437      429      496      376
      435     1291      438     1285      493      378
      435     1291      487     1248      484      376
      435      430      442     1287      436      421
      440      425      438     1287      440     1282
      448     1274      443     1285      496      374
      438      426      441     1284      489     1238
      488      382      441      426      445     1281
      440     1283      434      434      491      379
      442      422      441      424      492      379
      484      385      439      426      440      439
      458      401      440      421      492      376
      486      383      486      376      486      382
      492      382      492      376      435      433
      441      425      438      426      443      426
      493      377      445      419      445      419
      435      443      441      423      440      432
      441      425      438      424      440      428
      485      380      493      379      495      375
      437      432      442      428      488      385
      436      425      489      379      443      424
      440      425      439      427      437      429
      444      418      456      415      440      424
      438      427      436      435      488      381
      449      413      486      376      436      431
      464     1272      487      384      490     1252
      477      379      441     1286      441     1284
      444      423      492    13126

     3602     1683      441     1295      423     1290
      437      430      442      425      490      381
      441     1282      436      433      440      431
      445     1284      439     1279      434      433
      440     1282      434      430      444      420
      443     1282      437     1312      478      371
      443     1284      428     1287      438      426
      490      379      432     1297      431      430
      495      374      438     1300      479      376
      435      432      493      375      436      428
      435      431      494      377      486      385
      439      428      487      384      438      428
      440      427      442      422      443      427
      439      426      495      374      437      425
      490      382      441      426      469      408
      488      378      496     1240      431      428
      444      421      440      428      434      429
      496      371      434     1288      491     1236
      493      378      434      429      450      416
      441      424      439      429      435      428
      436     1286      441      430      444      421
      444      421      443      424      440      427
      436     1298      432     1284      494      377
      437     1293      484     1237      439      430
      444      426      437     1295      438      423
      491      376      435     1292      430     1286
      441     1285      444     1283      490      390
      483      379      485     1238      437     1286
      440      426      490      379      444     1285
      444     1283      442      424      441      420
      495      372      492      379      494      375
      489      382      441      425      439      426
      442      423      486      385      437      428
      487      394      446      426      494      374
      436      427      436      425      438      423
      435      433      440      424      439      430
      444      422      493      379      443      420
      499      370      437      428      488      382
      491      382      480      383      437      427
      489      379      442      419      444      422
      492      377      435      427      436      439
      436      423      439      426      488      378
      444      421      484      386      489      380
      442      423      441      426      438      431
      444      429      436      423      444      428
      432      430      441      427      435      426
      486     1243      479      380      492     1234
      442      426      489     1251      477     1241
      435      432      442    16867

