     3442-pulse     1702-space      466-pulse     1258-space      437-pulse     1291-space
      437      423      440      426      459      415
      458     1266      461      408      435      428
      444     1281      435     1290      445      420
      456     1281      437      428      467      400
      463     1267      441     1286      464      414
      462     1269      464     1261      439      425
      461      399      464     1263      445      421
      463      403      439     1283      443      420
      456      408      463      404      439      425
      458      408      491      383      464      407
      456      408      464      405      459      409
      443      421      442      425      439      435
      450      409      464      405      438      427
      468      403      439      428      467      410
      464      402      461     1264      442      424
      439      430      450      424      460      400
      460      409      463     1262      467     1253
      455      410      443      422      463      406
      457      409      464      415      434      421
      437     1288      461      408      466      401
      461      405      438      428      465      407
      437     1284      443     1291      429      429
      443     1281      437     1288      438      428
      456      415      437     1285      442      424
      461      406      477      397      439     1284
      443      420      444     1274      455      410
      443      422      462     1263      465     1275
      454      404      467      401      462     1265
      461     1272      434      432      462      404
      461      405      468      403      440      420
      449      417      469      408      445      421
      462      416      458      411      462      404
      438      426      437      429      465      403
      440      426      436      430      444      431
      458      403      437      428      443      420
      462      405      458      418      460      404
      437      427      457      410      464      402
      441      425      437      431      456      410
      461      409      464      404      438      427
      436      428      435      433      439      424
      458      408      435      432      443      422
      442      423      443      437      459      403
      434      433      461      407      436      429
      466      403      459      409      465      404
      459      412      442      426      457      414
      460     1280      431      429      463      403
      459      410      462      406      459     1264
      465      406      458    17062

     3599     1694      470     1278      415     1284
      441      423      461      409      465      402
      461     1267      441      426      440      429
      441     1290      439     1281      436      429
      466     1260      435      433      441      428
      466     1259      459     1278      431      427
      436     1290      458     1275      433      427
      466      406      437     1289      460      411
      462      403      471     1260      439      425
      457      414      435      426      436      430
      443      424      440      426      437      429
      445      421      462      404      461      423
      453      401      437      426      457      412
      441      424      460      411      442      426
      457      412      462      407      467      407
      437      429      444     1288      451      412
      441      424      459      409      465      404
      458      410      446     1283      431     1287
      441      424      439      438      460      397
      443      421      441      423      459      406
      438     1280      439      423      460      411
      443      422      463      404      439      428
      478     1263      443     1284      452      411
      441     1281      435     1288      461      407
      435      432      442     1290      458      399
      442      422      461      407      456     1269
      458      411      464     1265      442      426
      437      425      475     1263      430     1292
      468      401      464      400      462     1263
      445     1281      436      436      437      433
      441      421      442      429      444      420
      443      426      438      425      443      423
      457      407      467      400      463      405
      457      409      465      406      444      435
      461      408      445      420      463      403
      439      427      467      412      460      410
      464      402      441      426      457      413
      440      427      438      436      442      423
      435      426      436      428      434      430
      496      367      456      409      465      401
      462      407      436      428      435      430
      444      425      467      403      462      406
      436      429      445      422      441      423
      460      410      443      426      458      417
      457      414      459      410      443      421
      442      432      431      425      436      429
      443     1283      464      402      461      406
      438      429      466      403      470     1263
      466      404      447    29815

