     3436-pulse     1709-space      436-pulse     1289-space      467-pulse     1265-space
      460      404      439      425      438      429
      437     1284      441      426      435      429
      442     1280      445     1285      461      402
      437     1287      437      430      442      424
      437     1287      437     1290      457      412
      439     1288      432     1284      436      462
      405      424      465     1260      444      420
      441      427      434     1291      465      404
      442      424      462      407      465      403
      438      435      439      429      445      420
      436      429      443      423      438      429
      442      425      435      428      433      438
      433      432      439      427      435      433
      438      426      434      428      442      425
      457      410      439     1283      463      404
      476      394      447      423      431      429
      441      420      438     1281      446     1272
      435      428      444      422      438      427
      435      429      443      438      424      431
      440     1283      462      404      437      431
      440      447      414      428      445      420
      437     1283      463     1270      435      435
      436     1284      440     1282      443      422
      460      410      440     1283      463      404
      437     1294      443     1275      438     1285
      456     1261      441     1283      463      404
      457      408      457     1269      462      406
      434      429      442      423      438     1311
      434     1274      451      406      448      420
      435      438      433      426      433      429
      443      423      438      425      436      430
      442      424      438      426      436      428
      434      432      440      425      467      401
      445      426      433      429      461      407
      442      419      440      426      432      429
      431      431      438      424      437      429
      442      422      438      429      442      436
      426      432      439      423      437      428
      433      432      438      424      437      428
      443      422      439      424      437      426
      435      433      439      426      441      450
      418      431      438      425      435      429
      441      424      468      410      462      409
      442      423      438      427      434      436
      436      430      442      443      427      425
      440     1305      438      399      440     1285
      436      424      439     1284      466     1259
      449      421      435    17081

     3588     1706      438     1282      442     1280
      445      424      438      429      447      419
      436     1322      403      424      436      432
      440     1309      437     1264      441      427
      435     1288      468      402      443      421
      436     1310      435     1268      470      400
      459     1264      441     1284      462      405
      466      412      437     1307      413      424
      440      420      441     1304      410      428
      443      432      440      424      438      428
      434      432      452      428      423      423
      434      430      441      426      435      431
      441      429      442      433      437      432
      439      425      436      428      443      423
      469      416      457      407      432      433
      439      426      434     1319      437      408
      445      421      441      424      433      430
      440      425      436     1327      401     1287
      458      407      442      419      443      415
      438      425      435      427      434      430
      442     1307      418      435      428      424
      436      429      432      435      436      422
      469     1260      444     1278      437      428
      464     1260      453     1271      467      405
      435      431      441     1308      417      422
      440     1286      461     1268      455     1277
      430     1289      436     1292      458      401
      459      406      485     1242      462      404
      467      401      440      430      483     1235
      438     1289      436      429      463      399
      491      378      442      422      491      374
      435      457      415      421      448      444
      408      456      414      422      439      451
      461      379      440      456      412      426
      488      380      440      423      438      428
      434      432      473      416      462      401
      434      430      440      424      436      433
      459      430      403      434      437      428
      433      456      415      422      440      426
      436      430      455      439      407      430
      441      426      434      455      416      420
      440      426      443      425      437      433
      438      423      438      427      434      430
      442      462      400      432      491      381
      439      435      487      379      440      449
      411      425      436      430      442      449
      411     1285      440      427      442     1285
      488      378      441     1282      440     1286
      485      372      486    22734

