     3451-pulse     1689-space      439-pulse     1286-space      443-pulse     1283-space
      436      431      444      425      436      429
      465     1259      458      408      436      429
      473     1259      442     1284      463      405
      458     1267      460      409      435      432
      442     1285      464     1281      452      417
      434     1294      429     1289      437      427
      437      427      437     1289      440      425
      438      433      441     1282      435      429
      465      408      435      429      444      422
      442      424      442      424      465      401
      440      428      466      402      468      400
      465      407      435      434      440      423
      441      425      438      424      460      409
      434      432      442      420      465      407
      436      430      443     1294      428      427
      435      431      461      408      448      412
      462      409      443     1285      463     1264
      465      404      451      421      441      424
      439      427      457      414      440      425
      459     1268      460      406      468      401
      443      423      442      424      434      438
      436     1283      443     1278      439      428
      457     1269      460     1270      438      429
      444      421      449     1283      460     1264
      463      399      436     1289      440     1278
      439     1289      439     1292      436      423
      460      408      435     1292      436     1288
      441      428      435      431      443     1285
      445     1284      431      428      443      424
      459      414      441      426      458      413
      440      426      468      409      443      422
      461      417      436      435      437      426
      442      425      436      431      431      431
      438      420      444      423      443      424
      437      432      453      413      440      425
      460      414      452      424      457      412
      440      424      459      406      436      431
      465      415      470      404      440      427
      437      428      466      407      436      431
      442      428      436      427      436      433
      442      419      438      428      461      407
      437      431      443      422      462      409
      444      420      443      420      443      426
      470      407      460      406      435      428
      436      429      441      421      465      403
      442      421      463     1268      462     1271
      435      436      448     1262      464     1262
      434      431      442    15101

     3595     1695      444     1277      462     1284
      428      419      439      424      459      414
      460     1267      462      407      436      430
      463     1266      462     1276      432      427
      436     1291      436      439      465      405
      439     1289      466     1264      439      424
      439     1296      436     1277      440      421
      435      430      465     1262      435      431
      463      404      439     1286      440      430
      454      405      436      431      443      455
      413      421      439      424      459      412
      441      425      439      428      435      427
      436      431      442      424      469      400
      434      428      457      412      461      405
      458      410      444      423      440      422
      442      426      467     1277      465      403
      435      443      439      420      437      426
      437      432      461     1271      432     1280
      466      408      445      419      465      414
      460      410      454      411      440      425
      438     1284      464      403      439      428
      436      438      445      420      444      427
      436     1291      435     1300      449      409
      464     1267      440     1280      458      411
      464      408      435     1288      439     1293
      463      402      467     1264      442     1281
      474     1249      435     1286      440      429
      435      446      450     1262      434     1292
      467      401      462      407      467     1266
      452     1268      438      430      452      416
      447      426      438      427      467      400
      461      408      442      420      444      422
      433      429      458      411      436      429
      459      415      434      488      416      401
      439      425      439      420      439      425
      437      429      438      421      440      426
      436      430      463      411      435      427
      457      417      467      384      456      411
      465      403      457      410      442      423
      462      407      435      426      438      430
      463      404      440      422      439      432
      431      479      398      417      460      407
      440      421      456      414      460      409
      445      420      444      424      440      427
      436      432      442      423      440      424
      459      420      429      432      440      423
      459      413      440     1284      464     1257
      435      434      459     1267      459     1281
      427      427      466    17859

