     3457-pulse     1693-space      443-pulse     1280-space      436-pulse     1288-space
      438      424      438      428      435      428
      444     1281      468      410      434      431
      442     1293      432     1289      518      341
      438     1291      432      429      445      422
      461     1270      434     1288      427      433
      434     1279      441     1290      455      409
      441      424      439     1305      422      424
      440      422      440     1301      446      408
      434      430      443      434      435      422
      444      420      443      421      442      424
      454      415      434      430      434      435
      469      411      440      422      442      418
      436      433      441      453      414      422
      438      427      435      427      468      430
      423      422      433     1287      521      341
      476      389      463      406      436      427
      474      409      433     1279      460     1277
      461      405      439      428      437      443
      438      424      440      426      437      432
      441     1283      446      422      461      410
      442      430      435      425      438      433
      440     1283      446     1281      438      428
      436     1289      439     1288      485      388
      432      427      434     1286      460      413
      435      421      461     1265      442     1283
      444      420      444     1297      432      427
      436      431      443     1284      448     1276
      436      428      465      408      434     1291
      467     1269      438      421      443      424
      439      426      438      429      435      432
      441      424      438      431      443      424
      439      429      434      437      453      418
      434      430      442      423      460      409
      441      424      433      419      443      424
      439      431      443      422      442      427
      436      431      443      435      429      424
      436      439      436      423      460      411
      442      427      436      432      443      421
      445      426      443      418      434      432
      462      407      449      413      436      429
      434      431      441      425      439      428
      435      429      445      426      437      433
      441      424      440      427      436      431
      443      436      434      424      459      403
      436      433      439      427      439      422
      433     1293      443      424      460     1264
      443      430      446      427      436     1287
      441      428      436    16269

     3572     1717      460     1264      443     1283
      454      416      437      436      457      413
      440     1279      459      411      442      420
      443     1281      468     1260      467      411
      432     1292      455      413      441      424
      440     1287      462     1267      462      414
      440     1284      443     1290      461      404
      441      416      439     1289      439      428
      437      430      446     1281      442      425
      438      429      445      422      441      425
      439      425      438      433      441      428
      435      429      444      423      441      427
      437      431      441      423      440      424
      439      433      430      434      441      424
      438      438      436      422      439      428
      445      422      442     1283      444      425
      458      411      442      422      450      419
      438      425      437     1287      443     1276
      446      422      440      426      437      428
      434      429      438      431      439      434
      430     1296      462      400      442      427
      437      432      441      426      437      434
      439     1283      444     1281      449      418
      444     1277      441     1284      434      437
      458      406      435     1288      460      413
      441      424      460     1279      433     1283
      444      459      402     1282      462      410
      443      421      442     1281      468     1316
      386      425      465      409      445     1281
      435     1289      438      428      435      436
      437      427      437      429      445      429
      457      415      437      434      440      425
      438      429      434      433      441      424
      441      427      439      425      463      408
      433      432      441      422      446      426
      436      428      443      421      441      424
      438      431      426      429      443      418
      434      444      440      424      439      431
      442      421      441      436      428      429
      444      426      438      434      461      408
      434      435      439      429      464      409
      433      428      487      382      441      426
      437      427      444      423      443      423
      440      422      442      426      436      429
      444      423      441      430      494      376
      436      429      437      429      447      420
      439     1295      457      408      444     1277
      438      462      397      430      442     1284
      443      422      441    21664

