     3450-pulse     1701-space      436-pulse     1286-space      462-pulse     1266-space
      442      422      446      419      459      411
      462     1267      460      409      445      421
      463     1272      455     1267      458      407
      436     1292      436      441      462      408
      445     1280      436     1300      454      405
      434     1289      452     1267      439      430
      443      422      461     1267      439      425
      458      413      462     1262      464      405
      459      410      443      423      461      408
      437      427      448      421      437      427
      467      414      460      407      475      396
      438      426      438      427      456      409
      444      422      441      427      436      430
      443      421      441      422      440      427
      457      410      464     1273      438      419
      462      405      438      428      510      356
      435      429      464     1265      442     1282
      435      429      478      392      437      426
      437      426      437      429      444      420
      464     1265      464      403      440      426
      461      422      465      402      436      439
      455     1267      440     1286      463      406
      467     1261      458     1278      460      407
      467      404      445     1287      439      422
      441      424      499     1231      462      399
      463     1265      463     1264      462      417
      446      406      436     1289      438     1287
      441      423      460      407      436     1290
      466     1263      461      404      448      417
      462      403      439      426      459      410
      464      405      468      409      443      422
      462      415      438      429      434      430
      443      441      432      424      434      429
      443      421      440      423      462      399
      456      409      466      403      457      413
      461      405      437      440      463      408
      439      426      465      400      442      425
      469      410      463      407      466      401
      442      426      457      413      440      426
      437      432      441      425      438      431
      432      426      437      432      442      429
      436      422      440      429      445      422
      442      426      467      403      440      427
      436      430      443      423      445      431
      432      428      445      423      438      426
      436     1289      434      426      436     1287
      443     1285      463      441      406     1278
      465      402      460    17004

     3612     1685      454     1278      449     1259
      466      403      445      458      423      404
      464     1259      458      409      445      420
      464     1266      441     1287      466      409
      450     1278      449      411      441      428
      467     1259      458     1271      438      430
      431     1287      458     1282      430      427
      466      407      465     1265      438      421
      462      405      437     1288      440      427
      467      402      441      440      425      428
      444      424      439      433      432      426
      444      422      461      405      467      403
      460      406      436      428      456      413
      440      425      468      403      441      426
      468      410      461      397      466      405
      437      430      444     1282      466      403
      442      423      463      405      463      411
      461      404      443     1279      457     1270
      432      423      438      439      465      401
      442      427      456      410      443      420
      476     1250      434      429      465      401
      441      428      436      436      437      424
      438     1284      442     1279      458      415
      438     1278      439     1285      444      421
      462      405      438     1289      438      426
      437      428      458     1281      463      400
      439     1283      444     1283      427      427
      465      402      462     1267      461     1267
      468      401      464      403      446     1280
      440     1284      443      428      456      414
      440      420      465      404      459      412
      462      417      448      410      463      404
      460      410      442      421      441      422
      440      428      466      402      461      409
      435      431      443      424      440      425
      469      406      440      450      443      405
      459      415      468      397      439      424
      438      425      438      429      435      432
      443      424      440      427      467      414
      450      408      435      429      465      403
      440      427      468      406      458      411
      463      405      437      428      469      397
      443      425      439      424      465      401
      436      428      444      420      463      403
      440      427      468      401      441      423
      460      408      466      406      438      427
      437     1296      437      423      437     1286
      461     1268      437      417      442     1280
      438      426      458    21493

