     3433-pulse     1717-space      437-pulse     1288-space      458-pulse     1270-space
      444      431      431      424      436      426
      434     1294      492      372      440      423
      435     1288      437     1285      460      410
      447     1279      439      427      434      432
      440     1283      463     1264      440      429
      443     1280      518     1215      450      408
      442      423      514     1207      434      429
      442      426      435     1285      439      427
      434      432      453      417      462      400
      439      428      443      420      441      424
      468      404      437      433      440      423
      443      425      442      425      436      433
      458      418      433      420      440      428
      443      419      441      423      437      427
      444      419      442     1279      466      402
      439      429      442      422      455      419
      431      429      462     1263      460     1265
      435      421      438      425      436      427
      434      434      438      426      436      441
      452     1262      441      422      438      427
      434      429      442      423      459      412
      439     1287      438     1288      458      412
      427     1288      467     1262      464      403
      437      428      443      424      436      426
      434      430      441     1282      473     1256
      461     1264      438      424      438     1286
      434      433      438     1284      461      408
      442      436      426      428      441     1279
      436     1286      459      419      440      419
      434      429      443      423      439      426
      435      431      454      412      436      432
      438      427      433      433      438      428
      444      420      442      425      467      401
      439      428      464      405      435      433
      439      439      439      426      442      420
      440      424      436      428      445      413
      440      425      438      427      446      417
      440      422      438      429      442      421
      453      419      439      430      441      421
      439      426      435      430      441      422
      440      428      464      406      435      430
      440      424      436      428      443      431
      431      431      468      399      435      430
      431      429      463      405      436      427
      434      433      438      425      436     1287
      458      410      468     1265      457      410
      439      434      435     1290      450      407
      442     1285      430    17282

     3572     1720      429     1290      461     1259
      443      420      441      423      469      405
      435     1300      436      420      441      438
      422     1291      435     1284      440      424
      437     1284      462      408      444      420
      442     1282      451     1275      464      404
      435     1287      437     1287      460      408
      437      428      440     1284      441      432
      439      422      463     1263      460      410
      436      424      436      429      442      425
      436      428      434      433      437      427
      464      414      469      407      479      388
      426      427      445      420      438      425
      437      429      443      425      436      430
      442      422      440      422      438      427
      434      450      424     1282      440      424
      468      402      438      425      436      431
      440      427      465     1266      459     1267
      459      416      429      429      440      425
      435      431      439      423      439      421
      433     1289      467      403      438      425
      436      434      437      432      448      417
      436     1298      425     1291      468      400
      457     1267      468     1258      435      431
      440      441      431      421      440      424
      438      426      436     1286      439     1283
      442     1282      462      411      440     1290
      459      403      436     1294      457      403
      436      429      442      420      441     1284
      461     1266      439      442      451      412
      437      429      442      426      436      428
      434      432      440      423      440      427
      436      429      438      423      437      425
      435      429      448      418      458      409
      440      422      439      429      464      406
      434      431      440      424      436      429
      443      423      439      427      434      431
      440      431      436      427      474      390
      438      427      433      434      433      423
      438      427      465      412      439      426
      434      441      461      406      434      432
      452      412      437      427      434      433
      438      427      434      432      440      424
      438      430      441      424      437      428
      465      400      465      409      457      419
      431      424      436      429      443     1283
      443      422      439     1284      461      406
      435      430      461     1272      470      404
      432     1286      469    27154

