     3457-pulse     1696-space      440-pulse     1284-space      442-pulse     1282-space
      435      428      436      431      465      400
      443     1291      462      401      458      410
      464     1260      457     1271      467      406
      457     1265      463      407      466      414
      459     1257      438     1283      450      409
      463     1275      466     1264      431      429
      465      413      465     1264      440      424
      459      407      466     1261      436      429
      466      406      438      428      466      402
      441      424      460      412      451      410
      464      408      456      411      463      405
      436      428      435      431      442      424
      459      407      467      401      442      428
      467      402      468      410      461      406
      435      434      439     1285      457      402
      438      427      457      410      464      406
      439      428      448     1293      430     1277
      460      405      438      441      442      421
      441     1283      466      399      465      409
      444     1279      463      405      443      422
      462      407      456      407      435      432
      463     1268      439     1280      459      408
      466     1278      438     1280      462      409
      442      445      414     1284      440      423
      460      406      457     1266      441      423
      474      400      465     1260      462      408
      434      429      464     1260      437     1289
      460      409      465      403      459     1280
      459     1262      465      404      438      431
      442      422      462      415      438      437
      457      409      442      422      441      421
      473      403      454      408      443      420
      462      405      437      430      459      405
      437      424      460      409      443      422
      461      410      464      404      458      411
      447      417      460      411      432      425
      441      426      464      404      440      423
      440      426      437      429      445      422
      461      405      459      407      457      424
      451      409      444      421      442      424
      440      427      436      432      442      423
      441      424      461      408      446      422
      459      410      454      415      449      417
      459      408      443      422      440      422
      440      426      439      422      444     1281
      457     1267      461      408      434     1301
      448     1267      471     1283      460      398
      461      409      464    13134

     3591     1692      467     1271      447     1269
      458      411      443      422      462      412
      444     1284      432      431      442      425
      439     1292      436     1277      459      410
      464     1277      440      424      439      427
      457     1273      465     1272      442      416
      442     1286      458     1258      457      411
      463      406      456     1267      460      404
      459      407      448     1279      456      411
      442      425      459      409      443      421
      442      425      459      411      463      408
      447      420      466      405      444      429
      456      404      437      427      456      413
      441      424      460      411      442      420
      463      408      457      410      464      411
      461      404      458     1278      454      405
      457      409      463      404      495      370
      462      407      434     1285      463     1262
      466      402      439      435      433      427
      462     1262      435      430      465      404
      439     1287      442      425      459      409
      463      405      438      449      456      392
      465     1264      438     1286      441      423
      441     1283      465     1271      457      408
      467      439      432     1263      438      425
      458      413      447     1272      444      422
      459      416      438     1284      444      419
      479      388      461     1261      467     1262
      445      422      442      423      461     1271
      437     1287      460      419      446      407
      443      423      461      400      467      405
      465      402      440      424      459      409
      464      400      442      421      462      408
      466      402      463      415      462      400
      460      412      460      407      465      406
      433      425      437      427      436      433
      462      409      445      419      475      392
      461      426      426      425      438      433
      441      423      440      427      437      432
      463      404      460      410      464      408
      444      425      439      431      463      410
      448      415      464      403      438      427
      436      429      436      433      442      428
      436      421      461      405      458      408
      444      430      438      426      462      437
      416      423      464      400      461     1264
      442     1283      429      424      437     1291
      437     1286      463     1268      458      406
      456      416      437    16609

