     3459-pulse     1687-space      439-pulse     1286-space      443-pulse     1283-space
      445      417      438      428      461      402
      441     1287      462      406      457      409
      464     1262      457     1278      460      407
      456     1266      461      410      463      403
      461     1269      439     1287      462      400
      471     1275      457     1265      435      420
      463      415      459     1268      440      424
      459      407      467     1268      428      428
      464      405      437      429      465      404
      441      423      463      403      456      410
      463      405      459      406      468      406
      437      428      445      423      442      424
      460      406      457      412      441      427
      466      402      463      406      467      405
      438      431      442     1281      459      427
      431      423      456      407      464      406
      437      427      443     1282      433     1284
      463      401      442      438      436      429
      457      413      436     1291      457      409
      464     1271      467      408      456      409
      469      406      464      398      464      403
      439     1292      435     1283      465      407
      467     1270      437     1286      463      410
      442      426      438     1301      430      425
      458      407      465     1260      432      427
      445      416      467     1263      444      427
      436      430      464     1273      454     1263
      463      400      464      407      436     1290
      438     1289      438      431      466      401
      465      400      457      409      444      420
      464      402      461      405      438      429
      466      399      464      402      442      423
      460      406      456      410      443      450
      444      401      465      399      462      405
      458      409      446      415      445      422
      465      399      463      407      436      429
      444      419      434      432      476      394
      436      428      455      413      441      426
      459      412      440      421      462      406
      437      430      465      408      466      403
      460      409      434      436      458      408
      434      423      440      426      468      401
      442      420      443      424      440      427
      437      431      464      403      460      405
      458      412      465      413      430      427
      434      431      443     1281      457     1267
      437     1284      452     1270      435      432
      447      418      460    17060

     3608     1686      462     1266      461     1264
      465      404      459      412      463      400
      454     1274      461      411      441      425
      439     1284      465     1262      467      404
      459     1265      463      411      433      430
      444     1277      441     1286      468      402
      435     1294      445     1282      436      428
      477      398      457     1266      440      425
      433      425      436     1289      439      425
      438      429      465      403      459      409
      464      419      425      427      435      425
      457      409      465      406      436      429
      443      423      441      426      458      414
      439      425      458      408      466      401
      470      398      458      410      465      404
      459      407      466     1260      459      408
      467      407      438      429      440      422
      441      427      435     1303      429     1286
      461      406      435      436      453      404
      457      414      439     1286      441      421
      462     1276      432      419      483      389
      457      416      437      425      438      425
      459     1267      460     1266      439      425
      469     1274      456     1262      466      400
      443      428      466     1267      440      426
      437      430      454     1278      460      406
      444      421      459     1265      464      407
      450      409      442     1280      438     1288
      440      427      438      425      473     1254
      462     1272      446      418      443      432
      432      428      435      432      441      427
      457      409      464      404      460      417
      436      428      444      424      460      413
      439      422      462      407      434      432
      442      423      441      426      437      429
      434      427      457      411      468      411
      431      424      437      432      461      409
      441      422      464      398      457      408
      465      414      470      404      459      407
      436      427      466      420      424      429
      443      423      461      406      458      408
      444      419      465      401      464      405
      443      427      439      423      460      411
      444      421      450      413      443      424
      459      409      464      407      436      429
      445      422      441      423      460      412
      441      424      461     1269      459     1280
      433     1284      463     1264      458      404
      458      407      436    23307

