     3453-pulse     1700-space      470-pulse     1261-space      442-pulse     1279-space
      442      424      439      426      468      403
      460     1269      459      412      441      423
      440     1285      442     1287      441      422
      441     1297      441      427      436      433
      463     1265      461     1267      441      426
      448     1287      454     1269      435      427
      434      432      441     1286      442      424
      479      420      407     1300      446      407
      447      422      437      430      444      420
      443      425      460      414      439      430
      444      425      438      431      442      427
      437      429      443      425      440      426
      438      430      465      404      438      426
      437      435      439      428      468      409
      443      428      436     1284      443      432
      440      424      444      422      440      425
      468      403      479      385      434      429
      445      425      439      427      468      403
      439      430      465      405      450      419
      463     1270      459      413      445      423
      435      428      435      430      464      405
      438     1289      460     1277      452      411
      441     1281      436     1291      468      403
      441      427      467     1265      445      421
      442      430      437     1290      436      425
      438      430      443      426      432     1288
      461     1273      446     1281      436      479
      399      422      437      428      436     1293
      446     1285      436      424      435      434
      440      425      438      432      443      427
      446      425      471      406      437      428
      467      412      442      426      437      427
      437      436      439      427      437      430
      444      422      443      423      441      427
      445      425      443      425      437      429
      443      427      436      443      436      429
      444      421      442      424      439      429
      466      414      469      401      460      410
      435      429      444      428      436      431
      443      427      436      431      443      422
      442      426      439      431      433      430
      443      425      437      438      436      425
      438      427      436      428      436      434
      440      430      445      425      438      429
      434      433      441      424      440     1290
      467     1270      453     1266      440     1287
      455     1263      464      404      439     1287
      441      428      448    17344

     3628     1659      438     1291      457     1271
      457      409      443      431      442      422
      441     1296      432      424      440      428
      466     1265      442     1284      464      406
      437     1286      462      409      465      409
      434     1291      437     1284      442      423
      460     1271      436     1293      446      420
      443      424      446     1286      459      407
      434      437      432     1289      437      431
      446      420      465      407      433      435
      438      432      442      432      431      430
      443      422      441      425      438      427
      467      404      438      428      436      432
      442      425      438      429      445      420
      464      405      446      422      464      407
      468      405      438     1291      458      412
      440      427      436      431      443      427
      437      430      443      428      436      450
      440      428      443      420      442      424
      438      427      479      399      467      402
      441     1285      442      426      439      428
      447      423      450      418      444      425
      459     1268      439     1287      462      407
      466     1261      468     1264      465      413
      431      434      439     1286      442      427
      437      432      442     1283      435      427
      435      438      435      434      440     1295
      457     1261      444     1287      458      403
      439      429      465      403      439     1288
      461     1283      427      427      450      419
      440      424      440      425      438      430
      435      433      441      426      438      429
      444      428      467      402      440      427
      444      421      435      432      442      427
      437      431      443      424      439      426
      438      432      443      426      438      430
      466      401      462      414      460      417
      444      419      440      426      436      430
      443      423      492      376      441      420
      463      409      465      404      438      426
      437      428      435      434      452      414
      438      428      435      434      439      423
      445      421      438      437      436      431
      443      427      437      430      444      421
      443      427      467      409      433      428
      465      406      436      432      441     1283
      466     1264      465     1271      439     1290
      490     1241      436      428      444     1278
      438      425      443    24742

