     3458-pulse     1694-space      443-pulse     1283-space      436-pulse     1298-space
      431      426      437      430      444      421
      445     1288      459      406      436      431
      443     1283      444     1289      428      429
      444     1286      442      427      436      429
      517     1214      442     1280      438      429
      444     1305      418     1284      461      415
      457      404      439     1281      439      434
      440      422      440     1300      450      411
      436      428      439      430      461      405
      440      423      440      425      438      429
      447      420      449      419      457      408
      465      409      445      424      452      411
      440      427      436      427      457      413
      441      426      438      425      459      412
      440      426      437     1290      439      429
      465      412      439      426      442      423
      439      428      436      425      436     1293
      431      425      519      351      462      405
      458      411      463      406      480      391
      460     1267      460      409      465      404
      469      406      436      431      525      340
      513     1216      445      420      460      418
      435     1285      443     1280      437      428
      467      401      443     1287      441      424
      461      411      442     1293      428      428
      465      403      439     1290      433      433
      462     1268      437     1289      439      428
      435      446      449      404      439     1286
      443     1284      443      424      460      413
      440      427      436      431      443      424
      460      411      448      420      471      403
      437      428      467      400      443      424
      440      430      443      421      442      428
      436      429      445      422      441      426
      437      442      451      405      461      406
      466      405      437      432      443      414
      441      425      439      427      458      414
      440      423      440      423      462      411
      466      405      436      425      458      427
      434      434      432      423      461      410
      443      425      439      426      438      430
      445      423      440      428      437      507
      370      416      465      406      436      429
      469      400      438      426      438      430
      465      406      467      405      439     1290
      438     1302      430      425      436     1290
      436      425      461     1264      465      403
      460      410      446    17077

     3596     1704      442     1285      436     1283
      444      425      437      427      468      407
      437     1288      441      428      445      453
      424     1274      440     1276      461      408
      466     1276      441      423      440      427
      467     1263      465     1287      430      416
      443     1281      439     1282      451      418
      438      434      440     1283      435      430
      448      457      407     1285      462      407
      438      424      461      406      436      429
      445      422      462      409      464      434
      409      458      436      421      432      448
      414      428      435      427      440      430
      440      425      459      412      442      421
      462      409      444      449      445      405
      459      434      446     1254      435      431
      443      424      440      430      444      421
      463      410      442      449      415     1285
      467      399      442      457      426      421
      434      462      411      453      409      457
      416     1284      439      418      443      456
      417      447      436      409      444      449
      486     1216      440      420      464      434
      408     1294      439     1289      435      433
      440      427      468     1263      454      411
      442      453      410     1287      440      425
      439      431      464     1267      441      425
      439     1287      442     1295      434      425
      458      439      414      462      399     1285
      440     1286      463      405      438      431
      443      427      451      446      435      409
      444      451      414      427      436      457
      416      419      444      427      437      438
      436      427      436      462      412      429
      466      421      432      426      438      467
      417      422      442      451      412      458
      417      451      412      461      408      422
      434      457      416      450      413      426
      447      432      436      425      438      461
      412      435      467      404      441      445
      409      457      417      424      471      410
      464      410      444      424      440      437
      426      435      438      455      418      449
      415      452      412      456      417      418
      445      423      462      433      418      426
      439      456      428      438      421     1275
      467     1269      439      423      440     1289
      460      407      435     1293      446      422
      461      413      437    29316

