     3473-pulse     1681-space      437-pulse     1287-space      440-pulse     1287-space
      441      423      440      426      437      429
      445     1290      459      403      440      427
      445     1284      434     1290      467      407
      436     1288      441      431      451      426
      463     1263      440     1272      441      426
      468     1268      460     1269      438      464
      431      425      432     1282      441      424
      439      428      467     1261      447      420
      464      408      445      422      442      428
      436      429      452      415      441      425
      437      431      442      424      461      414
      440      425      441      427      444      426
      439      425      458      411      442      427
      467      409      441      426      465      407
      444      424      438     1287      457      405
      437      430      443      424      439      433
      441      426      437     1303      426     1286
      447      418      441      438      445      420
      443      429      446     1282      436      432
      472     1271      457      411      442      425
      468      405      437      427      436      431
      443     1282      446     1283      470      401
      468     1281      430     1286      461      413
      453      411      444     1280      437      429
      465      402      441      426      438      433
      441      435      429     1285      463      405
      437     1296      463     1259      468      405
      437      425      439      431      474     1277
      453     1267      460      413      441      425
      438      433      441      424      439      434
      439      436      437      434      440      426
      440      451      428      419      471      408
      464      409      444      422      443      417
      438      434      439      428      436      432
      442      425      439      428      445      417
      441      431      438      426      436      433
      440      424      439      433      441      424
      440      425      439      433      441      424
      438      434      441     1288      430      429
      443      425      440      423      461      409
      445      425      469      404      438      431
      443      420      443      424      440      423
      440      429      465      410      437      448
      434      408      443      422      439      424
      438      438      431      432      440     1279
      438      430      443      422      441      443
      432     1275      462      411      442     1284
      465      405      437    14332

     3593     1697      438     1287      453     1274
      442      427      468      410      442      426
      437     1286      442      429      445      422
      441     1286      443     1285      442      418
      444     1283      445      422      442      425
      438     1285      443     1284      465      405
      461     1274      434     1287      436      422
      461      412      440     1289      460      421
      441      423      439     1299      429      423
      459      409      443      426      438      428
      436      438      436      429      466      406
      436      431      443      424      440      423
      440      427      440      428      442      429
      436      426      442      428      462      404
      459      411      443      424      439      423
      440      430      465     1278      439      459
      422      422      435      430      442      421
      440      427      435     1297      436     1280
      471      407      444      426      459      415
      473      399      439     1287      441      428
      446     1281      446      430      464      409
      445      420      443      424      440      428
      466     1273      435     1290      437      431
      463     1273      466     1257      461      408
      445      427      467     1274      438      424
      438      424      459      412      444      419
      436      427      436     1291      447      417
      467     1263      447     1282      434      432
      440      429      445      420      443     1282
      446     1278      440      429      445      425
      438      427      475      400      436      428
      445      421      442      425      438      430
      466      404      439      432      462      409
      434      432      461      411      441      428
      436      427      447      426      439      419
      444      425      437      429      444      421
      458      405      436      430      444      422
      442      431      442      429      444      419
      479      394      436      430      446      420
      446      421      438     1288      439      427
      436      435      438      429      445      423
      441      421      462      409      453      414
      442      426      437      433      441      426
      437      435      439      425      438      429
      445      423      442      428      467      405
      458      404      438      441      438     1285
      440      427      435      427      436      431
      446     1270      468      400      443     1282
      446      422      445    19665

