     3436-pulse     1719-space      460-pulse     1267-space      447-pulse     1275-space
      435      433      439      425      469      405
      438     1285      464      407      447      430
      434     1280      467     1261      436      428
      436     1291      436      428      435      438
      436     1292      464     1270      431      432
      443     1279      460     1269      437      434
      439      431      444     1277      440      435
      438      420      441     1283      444      422
      444      427      450      420      439      425
      438      433      440      424      439      428
      445      424      448      418      469      405
      438      427      437      431      444      424
      440      427      436      434      440      429
      465      405      439      431      464      411
      443      433      436     1283      462      407
      444      422      444      419      437      434
      440      428      436     1287      462     1264
      454     1275      441      427      436      433
      440      424      439      429      445      422
      465     1270      437      430      443      422
      472      413      430      429      444      425
      439      425      439      427      468      404
      439     1286      472     1267      440      429
      445      422      448     1285      439      421
      441      428      444     1283      451      409
      444      424      440     1282      468      401
      442     1296      433     1281      446      422
      441      425      439      426      438     1285
      443     1286      446      419      448      423
      442      421      442      425      438      429
      466      413      441      431      442      422
      441      427      438      430      445      421
      443      427      437      439      463      403
      444      421      440      423      440      424
      439      434      434      427      436      427
      436      432      442      422      440      422
      441      437      452      414      444      426
      438      427      437      431      443      426
      437      431      443      426      468      406
      438      433      442      428      436      437
      436      434      431      444      434      423
      437      428      435      431      442      425
      439      424      440      428      446      421
      442      426      439      433      440      431
      448      427      435      420      437     1290
      437      428      465      408      431      427
      438     1291      436      426      435     1339
      393      423      435    17084

     3611     1686      461     1270      468     1258
      439      431      443      422      444      426
      456     1271      446      417      445      422
      441     1281      446     1278      460      410
      443     1280      468      408      436      429
      444     1280      469     1264      444      426
      437     1285      443     1282      437      435
      455      421      442     1280      436      432
      437      422      440     1289      459      412
      441      429      446      420      444      425
      438      441      424      437      430      429
      439      424      440      427      437      431
      444      424      440      428      436      429
      445      427      437      433      441      424
      443      425      435      432      442      427
      437      429      446     1278      440      428
      447      418      447      418      442      422
      440      422      441     1292      430     1287
      439     1292      432      430      442      425
      438      431      444      423      441      428
      466     1273      436      424      439      429
      436      433      443      422      440      429
      444      420      463      410      442      422
      441     1282      467     1271      436      424
      438      429      445     1281      468      403
      440      429      444     1283      467      404
      441      427      444     1287      455      408
      444     1283      429     1287      440      428
      436      435      439      426      438     1289
      445     1283      438      428      466      412
      441      431      444      428      435      425
      438      432      442      420      443      425
      439      430      444      427      437      422
      440      426      436      430      443      424
      440      426      438      433      441      428
      465      406      436      435      439      426
      438      430      453      420      459      407
      465      407      444      419      442      425
      434      427      435      431      442      427
      437      429      446      422      442      429
      444      440      424      431      442      429
      445      422      441      426      437      427
      436      433      440      425      458      417
      436      421      442      430      444      423
      480      398      438      429      445      424
      439      426      437      432      442     1283
      445      421      462      411      441      423
      440     1289      465      401      458     1270
      437      432      440    25839

