     3461-pulse     1694-space      441-pulse     1284-space      465-pulse     1267-space
      448      421      434      432      441      426
      458     1266      462      407      436      430
      434     1298      445     1283      462      415
      429     1290      468      402      440      427
      435     1291      468     1261      467      417
      437     1289      448     1295      427      427
      435      430      445     1280      430      430
      444      426      437     1287      440      425
      469      421      423      427      436      431
      443      425      438      428      466      404
      440      430      464      405      438      432
      463      412      442      427      438      425
      446      421      442      419      443      425
      438      430      445      418      465      406
      436      430      443      422      441      432
      441      430      444      418      465      406
      448      424      442     1281      466     1279
      433      429      434      434      440      423
      439      427      435      429      434      435
      439     1294      435      425      437      429
      435      432      442      425      438      427
      436     1290      438     1286      461      409
      451     1277      438     1287      437      431
      443      422      441     1284      465      407
      437      433      440     1300      433      427
      443      423      440     1291      453      417
      464     1267      443     1289      435      424
      459      413      453      410      440     1288
      440     1287      462      407      436      434
      440      427      436      431      442      425
      439      429      435      433      441      427
      436      434      441      427      436      428
      439      428      441      428      435      430
      433      431      443      426      438      431
      442      423      469      412      437      421
      461      408      434      432      441      426
      433      426      436      430      443      420
      444      423      439      427      438      429
      447      441      450      404      436      428
      435      432      442      425      438      429
      434      435      459      410      463      403
      460      410      444      421      443      427
      440      431      438      426      437      430
      443      421      462      404      438      431
      433      436      439      423      439     1284
      463     1271      444     1286      437      426
      434     1289      432      426      437      431
      443      424      440    17262

     3580     1725      428     1285      435     1284
      443      426      437      430      444      422
      442     1280      437      432      443      428
      440     1289      436     1285      440      426
      438     1285      442      432      463      409
      444     1280      437     1300      429      431
      442     1286      443     1280      469      404
      439      429      466     1261      437      430
      478      401      432     1289      468      404
      441      421      434      433      461      408
      435      430      444      426      438      429
      465      417      436      429      479      396
      433      430      443      420      464      406
      438      430      434      435      439      431
      433      429      444      419      435      433
      461      408      435      442      432      425
      458      413      440      426      438      424
      439      430      464     1262      444     1282
      446      420      443      425      448      429
      430      427      466      403      437      426
      466     1262      430      433      460      409
      465      403      440      425      459      408
      466     1271      458     1256      460      409
      435     1291      467     1260      457      414
      439      424      439     1289      459      410
      443      423      441     1286      463      406
      468      402      440     1282      467      407
      437     1296      459     1264      460      412
      461      403      458      401      459     1265
      442     1287      440      426      438      430
      479      393      435      429      434      433
      440      426      468      402      462      412
      441      424      440      426      459      411
      442      424      461      408      443      432
      433      425      438      433      440      431
      442      424      438      433      440      426
      437      429      444      421      442      427
      436      429      466      406      449      421
      487      381      439      427      466      409
      495      371      493      372      433      436
      440      424      437      435      440      426
      438      430      435      437      489      372
      439      427      436      432      442      422
      440      427      437      429      435      432
      441      425      439      429      486      384
      491      377      444      426      440     1292
      434     1289      468     1263      444      430
      464     1264      465      407      437      440
      441      424      433    28562

