     3452-pulse     1697-space      441-pulse     1289-space      461-pulse     1266-space
      439      429      451      417      440      426
      437     1288      461      407      435      431
      443     1286      442     1288      460      409
      444     1296      515      353      439      425
      440     1285      439     1282      446      423
      461     1267      440     1304      430      424
      436      428      434     1294      439      419
      442      430      445     1280      437      431
      442      429      434      443      421      437
      436      436      432      428      441      426
      459      413      441      429      435      435
      439      426      438      432      442      421
      442      425      444      426      442      419
      444      424      440      427      437      431
      444      423      442     1281      444      422
      441      426      437      430      464      433
      461      401      436     1285      461     1267
      435      422      440      431      442      425
      438     1287      441      425      488     1250
      457      407      465      407      436      426
      444      416      436      430      436      433
      436     1292      435     1351      373      428
      443     1285      429     1292      458      407
      443      456      408     1280      458      411
      441     1298      456      405      467      403
      437      426      472     1244      443      424
      439     1284      444     1290      463      405
      446      417      444      430      446     1278
      458     1269      438      427      435      432
      441      425      438      425      438      428
      435      436      439      427      436      428
      436      433      440      427      436      433
      441      426      437      426      438      431
      463      417      436      426      440      438
      474      401      432      429      443      422
      438      426      437      433      436      424
      438      429      434      431      443      429
      435      430      444      423      441      434
      461      410      443      429      435      431
      444      424      441      426      445      423
      432      435      439      427      468      407
      437      431      444      422      445      420
      440      429      434      432      441      426
      438      430      444      421      442      421
      443      436      438      427      437      435
      439      426      437      437      444      423
      437     1288      470     1256      460      404
      434      431      443    17097

     3565     1710      438     1299      435     1281
      468      401      434      431      442      425
      438     1287      442      423      440      428
      436     1303      426     1287      441      423
      439     1287      440      427      437      430
      443     1281      437     1291      463      404
      441     1285      443     1280      438      428
      466      409      445     1280      468      419
      435      430      444     1294      437      421
      440      431      428      429      445      429
      445      428      433      430      444      424
      440      427      437      428      435      434
      451      415      458      415      438      429
      444      421      442      422      442      429
      435      432      442      426      437      429
      434      430      443     1285      433      433
      439      424      460      413      439      426
      468      405      437     1285      464     1263
      475      405      438      430      454      429
      439     1282      445      420      465     1257
      464      407      437      433      442      423
      437      430      443      422      441      435
      450     1269      438     1286      463      406
      467     1262      466     1263      465      411
      442      428      440     1285      440      427
      467     1265      443      420      464      409
      445      423      441     1287      442      430
      445     1293      428     1286      464      401
      434      432      441      428      436     1289
      439     1289      442      428      483      393
      441      427      435      423      439      425
      438      431      442      423      440      427
      436      428      436      432      441      423
      440      427      436      443      432      424
      491      379      494      372      439      430
      444      429      435      432      431      433
      439      427      466      405      438      427
      437      426      444      433      439      425
      437      426      436      433      440      425
      440      427      438      423      491      379
      444      424      461      410      443      426
      437      436      438      423      495      375
      443      419      444      423      492      378
      435      429      435      432      442      426
      437      429      444      422      440      424
      447      425      440      428      435      429
      444      424      440      427      437      433
      440     1281      471     1256      437      428
      444      431      442    29492

