     3455-pulse     1718-space      419-pulse     1287-space      439-pulse     1328-space
      401      427      435      431      444      422
      441     1288      440      429      435      430
      444     1282      435     1288      475      398
      461     1266      442      426      467      404
      460     1262      435     1293      445      426
      458     1274      444     1280      441      424
      441      431      463     1270      437      421
      439      427      447     1288      426      425
      464      404      441      426      457      411
      441      426      434      430      446      420
      439      428      467      402      470      403
      436      432      456      403      460      427
      428      423      460      406      436      428
      435      430      434      434      442      425
      506      367      437     1281      436      429
      464      421      427      431      431      429
      499      370      458     1269      437     1288
      436      425      437      433      440      424
      439      431      464      423      421      432
      432     1297      432      432      460      407
      436      432      443      427      437      430
      443     1279      439     1301      428      434
      439     1284      464     1262      445      423
      440      426      441     1289      437      426
      467      402      451     1276      464      403
      459      408      436     1284      457      410
      463     1261      435     1291      437      435
      471      403      459      407      466     1260
      460     1264      440      434      439      429
      435      430      443     1281      446     1282
      438      430      443      422      441      424
      439     1283      445      423      440      426
      438     1288      443      429      437      423
      457     1270      436      430      429      431
      472     1266      441     1285      443     1281
      442      424      443      428      435      429
      444      421      463      404      439      431
      433      436      437      428      436      429
      465      406      467      403      441      447
      421      421      446      427      437      422
      441      427      437      430      444      422
      442      423      441      436      439      429
      435      434      439      429      443      430
      430      434      459      409      442      426
      457      416      433      429      444      429
      466     1262      465     1263      445     1292
      427      427      435     1290      438     1289
      460     1284      435    17091

     3593     1697      473     1258      438     1288
      461      408      466      402      462      406
      458     1267      440      428      437      432
      444     1290      460     1259      462      406
      437     1286      442      427      458      411
      464     1264      444     1289      439      422
      461     1266      441     1285      433      437
      437      427      467     1260      437      430
      465      413      450     1268      460      411
      462      405      459      414      461      409
      434      440      433      435      438      429
      435      433      442      426      446      431
      439      426      437      427      434      432
      437      432      442      426      438      431
      443      424      438      427      437      433
      462      407      435     1298      457      403
      464      407      436      431      442      423
      440      424      439     1286      442     1283
      436      427      479      390      441      425
      437      428      466      403      441      429
      435     1290      438      431      464      406
      489      379      443      425      440      434
      439     1282      461     1266      463      408
      428     1285      461     1269      459      414
      460      408      502     1224      437      432
      493      375      489     1237      461      409
      443      422      493     1234      466      408
      443     1293      456     1263      464      405
      490      381      441      423      491     1235
      492     1233      443      424      505      373
      461      399      474     1250      448     1285
      476      379      498      374      484      384
      468     1254      495      374      505      366
      441     1283      445      421      474      395
      490     1240      489      395      489      379
      464     1259      473     1258      467     1260
      489      376      486      384      500      379
      465      401      483      395      469      398
      465      399      464      408      479      391
      463      402      470      393      469      394
      440      423      433      433      440      429
      486      383      439      468      430      411
      490      381      472      406      427      427
      467      401      494      386      487      385
      439      429      466      402      441      431
      464      404      471      399      465      402
      471     1255      483     1243      476     1254
      482      382      491     1234      473     1253
      474     1259      466    29226

