     3434-pulse     1719-space      460-pulse     1272-space      434-pulse     1283-space
      445      419      445      420      463      410
      442     1310      437      407      436      431
      442     1310      423     1278      436      443
      452     1304      414      422      441      426
      437     1317      412     1289      470      419
      443     1305      417     1282      458      401
      461      409      445     1309      419      418
      468      401      441     1316      411      419
      443      425      439      428      435      432
      462      407      467      400      443      427
      436      433      441      424      440      430
      443      426      458      410      442      423
      440      427      445      417      436      433
      440      423      444      426      434      433
      441      431      443     1305      420      432
      438      430      443      423      439      432
      441      430      460     1286      442     1260
      436      430      444      422      442      438
      428      423      473      406      464      404
      439     1315      413      424      440      432
      441      429      435      432      442      423
      441     1318      431     1263      443      424
      471     1290      438     1264      466      404
      441      428      463     1301      414      426
      444      418      464     1296      427      404
      438      431      443     1309      440      405
      439     1286      454     1274      443      424
      443      425      438      427      466     1283
      433     1266      442      429      444      425
      438      436      429      430      443      426
      457      411      442      423      440      427
      437      442      443      423      441      426
      438     1314      436      408      461      415
      435     1284      463      407      435      431
      438     1282      446      423      440     1282
      465      403      461      424      430      425
      458      411      442      427      437      442
      442      423      442      425      441      427
      462      409      443      424      460      409
      443      423      447      420      436      428
      435      429      464      407      436      433
      440      424      439      431      443      422
      442      424      461      408      434      435
      459      413      471      401      436      437
      435      432      441      427      435      432
      444      421      440      429      434      437
      436      426      436     1292      489     1235
      436      422      439    17258

     3561     1707      442     1276      461     1269
      459      415      460      431      424      427
      437     1288      441      424      439      428
      436     1292      437     1288      443      423
      439     1297      433      423      439      433
      440     1283      465     1264      444      427
      437     1293      445     1294      439      429
      443      426      438     1278      464      406
      438      429      438     1285      440      429
      435      428      435      435      443      425
      436      429      435      430      444      424
      470      412      441      424      460      414
      440      425      438      424      459      410
      443      424      440      430      435      430
      461      408      437      424      439      427
      467      403      441     1287      442      423
      462      413      440      423      442      428
      443      433      457     1270      467     1263
      439      419      463      404      439      430
      433      436      441      425      435      431
      442     1293      436      422      442      424
      439      435      439      433      442      422
      463     1267      461     1268      461      408
      469     1258      466     1267      445      424
      436      430      444     1281      437      430
      496      374      438     1291      445      422
      488      381      440     1288      435      422
      440     1285      464     1262      465      407
      437      433      444      425      466     1260
      437     1288      461      412      441      429
      435      431      443      426      437      430
      444      426      438      430      437      429
      440      425      438      427      436      435
      438     1288      444      420      440      429
      466     1277      462      410      468      409
      434     1284      443      463      399     1279
      444      423      441      428      435      435
      469      409      444      424      440      439
      426      430      434      433      492      403
      409      433      441      451      412      430
      443      449      416      450      466      378
      435      435      491      379      501      370
      437      437      438      432      442      427
      436      432      443      449      414      455
      409      447      428      427      439      451
      410      442      443      456      416      424
      443      422      441      425      468      400
      445      445      412     1288      492     1235
      494      376      487    20840

